+-----------------+-------+--------+-----------+--------+---------+
| Horario         | Lunes | Martes | Miércoles | Jueves | Viernes |
+-----------------+-------+--------+-----------+--------+---------+
| 07:30-08:30     |  01   |   16   |   31      |   46   |   61    |
| 08:30-09:30     |  02   |   17   |   32      |   47   |   62    |
| 09:30-10:30     |  03   |   18   |   33      |   48   |   63    |
| 10:30-11:30     |  04   |   19   |   34      |   49   |   64    |
| 11:30-12:30     |  05   |   20   |   35      |   50   |   65    |
| 12:30-13:30     |  06   |   21   |   36      |   51   |   66    |
| 13:30-14:30     |  07   |   22   |   37      |   52   |   67    |
| 14:30-15:30     |  08   |   23   |   38      |   53   |   68    |
| 15:30-16:30     |  09   |   24   |   39      |   54   |   69    |
| 16:30-17:30     |  10   |   25   |   40      |   55   |   70    |
| 17:30-18:30     |  11   |   26   |   41      |   56   |   71    |
| 18:30-19:30     |  12   |   27   |   42      |   57   |   72    |
| 19:30-20:30     |  13   |   28   |   43      |   58   |   73    |
| 20:30-21:30     |  14   |   29   |   44      |   59   |   74    |
| 21:30-22:30     |  15   |   30   |   45      |   60   |   75    |
+-----------------+-------+--------+-----------+--------+---------+
